[Location]
DisplayName=Kobuleti airfield
Coalition=Blue
Country=Ukraine
Position.DCS=-317963,635633
Position.Map=1428,911
Type=Airbase

[Airbase]
ATC=133.00,262.00,40.80,4.350
ID=24
ILS=07,111.5
Military=True
Name=Kobuleti
ParkingSpots=42
Runways=7,25
TACAN=67X,KBL

[SpawnPoints]
AirbaseSmall01=-318265,634987,AirbaseSmall
AirbaseSmall02=-318115,635477,AirbaseSmall
AirbaseSmall03=-318047,636034,AirbaseSmall
AirbaseSmall04=-318139,634925,AirbaseSmall
AirbaseSmall05=-318390,634637,AirbaseSmall
AirbaseSmall06=-317755,636477,AirbaseSmall
AirbaseSmall07=-317685,636686,AirbaseSmall
AirbaseSmall08=-317472,636635,AirbaseSmall
AirbaseSmall09=-317991,635198,AirbaseSmall
AirbaseSmall10=-317641,635371,AirbaseSmall
AirbaseSmall11=-317545,635930,AirbaseSmall

AirbaseLarge01=-317664,636041,AirbaseLarge
AirbaseLarge02=-318619,634930,AirbaseLarge
AirbaseLarge03=-317123,636963,AirbaseLarge
AirbaseLarge04=-316792,637513,AirbaseLarge

MapObject01=-317211,636544,LandMapObject,Warehouse
MapObject02=-316652,637940,LandMapObject,Warehouse

AirbaseParking01=-318328.25,635190.875,AirbaseParking
AirbaseParking02=-318314.625,635249.25,AirbaseParking
AirbaseParking03=-318301.125,635307.875,AirbaseParking
AirbaseParking04=-318287.8125,635366.25,AirbaseParking
AirbaseParking05=-318165.3125,635727.5,AirbaseParking
AirbaseParking06=-318123.4375,635840.125,AirbaseParking
AirbaseParking07=-318191.53125,635663.3125,AirbaseParking
AirbaseParking08=-318222.53125,635578.75,AirbaseParking
AirbaseParking09=-318144.15625,635783.6875,AirbaseParking
AirbaseParking10=-318103.28125,635896.625,AirbaseParking
AirbaseParking11=-318082.6875,635952.875,AirbaseParking
AirbaseParking12=-318242.875,635522.3125,AirbaseParking
