[Location]
DisplayName=Vaziani airbase
Coalition=Blue
Country=Ukraine
Position.DCS=-319064,903148
Position.Map=1983,916
Type=Airbase

[Airbase]
ATC=140.00,269.00,42.20,4.70
ID=31
ILS=14,108.75
Military=True
Name=Vaziani
ParkingSpots=92
Runways=14,32
TACAN=22X,VAS

[SpawnPoints]
AirbaseParking01=-318695.125,903248.3125,AirbaseParking
AirbaseParking02=-318595.1875,903209.125,AirbaseParking
AirbaseParking03=-318477.34375,903285.5,AirbaseParking
AirbaseParking04=-318604.0625,903415.75,AirbaseParking
AirbaseParking05=-318799.96875,903598.625,AirbaseParking
AirbaseParking06=-318834.5625,903551.625,AirbaseParking
AirbaseParking07=-318777.9375,903751.3125,AirbaseParking
AirbaseParking08=-318751.6875,903512,AirbaseParking
AirbaseParking09=-318626.25,903245.5625,AirbaseParking
AirbaseParking10=-318593.40625,903322.75,AirbaseParking
AirbaseParking11=-318461.6875,903209.875,AirbaseParking
AirbaseParking12=-318517.40625,903106.9375,AirbaseParking
AirbaseParking13=-318488,903509.5625,AirbaseParking
AirbaseParking14=-318648.4375,903680.3125,AirbaseParking
AirbaseParking15=-318485.09375,903378.375,AirbaseParking
AirbaseParking16=-318912.125,903689.75,AirbaseParking

AirbaseSmall01=-318848.70917812,903427.53699776,AirbaseSmall
AirbaseSmall02=-319098.44126023,903353.44810862,AirbaseSmall
AirbaseSmall03=-318521.41874584,902783.11571034,AirbaseSmall
AirbaseSmall04=-318213.67340483,902448.60990489,AirbaseSmall
AirbaseSmall05=-318322.3877916,902241.21630552,AirbaseSmall
AirbaseSmall06=-318702.05188078,902662.69362038,AirbaseSmall
AirbaseSmall07=-318715.43211299,903365.15581181,AirbaseSmall
AirbaseSmall08=-318322.3877916,903094.2061094,AirbaseSmall
AirbaseSmall09=-317772.12574164,902712.86949119,AirbaseSmall
AirbaseSmall10=-317675.11905806,903000.54448388,AirbaseSmall
AirbaseSmall11=-317820.62908343,903015.59724512,AirbaseSmall
AirbaseSmall12=-318007.95233448,902537.25394334,AirbaseSmall
AirbaseSmall13=-318017.29227284,903165.71339611,AirbaseSmall
AirbaseSmall14=-318519.19143388,903434.99410851,AirbaseSmall
AirbaseSmall15=-319020.37964826,904019.1191198,AirbaseSmall
AirbaseSmall16=-319164.17496502,903959.31044823,AirbaseSmall
AirbaseSmall17=-319528.11709414,903947.85772389,AirbaseSmall
AirbaseSmall18=-319841.15822619,904020.39164473,AirbaseSmall
AirbaseSmall19=-319388.13935217,903562.282671,AirbaseSmall
AirbaseSmall20=-319225.25616151,903543.1947971,AirbaseSmall
AirbaseSmall21=-319237.98141078,903674.26486458,AirbaseSmall
AirbaseSmall22=-319902.23942269,904091.65304064,AirbaseSmall
AirbaseSmall23=-319419.95247535,903424.84997888,AirbaseSmall
AirbaseSmall24=-318914.76007932,902915.84000808,AirbaseSmall

AirbaseLarge01=-318488.61549508,904312.45154739,AirbaseLarge
AirbaseLarge02=-318008.43776671,903841.29124115,AirbaseLarge
AirbaseLarge03=-317805.54576881,902146.01588091,AirbaseLarge
AirbaseLarge04=-318515.66776147,901677.10993021,AirbaseLarge
AirbaseLarge05=-320035.10339019,904479.27385677,AirbaseLarge
AirbaseLarge06=-319239.31588731,904465.74772358,AirbaseLarge
AirbaseLarge07=-318686.99878192,903944.99159564,AirbaseLarge
AirbaseLarge08=-318270.00037481,903278.71421959,AirbaseLarge
